Date,TemperatureHighC,TemperatureAvgC,TemperatureLowC,DewpointHighC,DewpointAvgC,DewpointLowC,HumidityHigh,HumidityAvg,HumidityLow,PressureMaxhPa,PressureMinhPa,WindSpeedMaxKMH,WindSpeedAvgKMH,GustSpeedMaxKMH,PrecipitationSumCM
2024-06-01,25.5,19.8,15.4,15.5,13.4,11.4,88,68,44,1023,1020,39,14,49,0.00
2024-06-02,25.3,19.1,13.7,15.7,13.5,11.8,91,71,47,1024,1020,39,13,42,0.00
2024-06-03,27.4,19.9,15.3,16.5,14.1,11.6,93,72,40,1025,1021,29,10,35,0.00
2024-06-04,26.3,20.6,16.1,16.6,14.3,12.8,89,69,46,1022,1019,29,10,33,0.00
2024-06-05,27.0,21.1,16.4,15.7,12.9,9.8,83,62,38,1023,1019,29,11,35,0.00
2024-06-06,26.4,20.1,15.1,16.6,14.1,12.5,91,70,46,1023,1019,29,10,35,0.00
2024-06-07,27.3,21.1,16.0,16.4,14.4,12.6,89,67,44,1024,1020,30,11,33,0.00
2024-06-08,26.9,21.1,16.8,16.4,14.7,13.4,86,68,47,1024,1020,33,12,37,0.00
2024-06-09,28.0,21.2,16.4,15.4,13.8,11.9,82,64,43,1023,1018,30,10,39,0.00
2024-06-10,27.7,20.7,14.4,15.7,13.5,10.2,88,66,36,1022,1018,23,8,29,0.00
2024-06-11,27.4,21.4,16.8,16.8,14.7,11.8,86,67,42,1022,1019,28,10,35,0.00
2024-06-12,26.7,20.2,15.6,14.2,11.7,8.4,82,60,34,1022,1018,30,10,35,0.00
2024-06-13,25.9,20.4,13.9,16.0,13.4,10.4,81,65,50,1022,1018,31,11,35,0.00
2024-06-14,27.8,21.4,16.3,15.3,13.1,11.1,83,61,39,1022,1019,33,13,35,0.00
2024-06-15,25.9,20.4,16.2,16.9,14.5,12.8,83,70,49,1024,1020,32,11,35,0.00
2024-06-16,25.5,19.6,14.9,14.1,12.2,10.6,81,64,42,1022,1018,29,8,39,0.00
2024-06-17,27.6,18.6,12.9,12.9,10.9,9.3,83,63,35,1021,1016,25,8,29,0.00
2024-06-18,27.6,20.5,14.3,11.8,10.5,7.7,78,55,30,1020,1016,26,9,31,0.00
2024-06-19,28.1,21.1,15.7,15.7,12.7,10.7,76,60,38,1021,1017,21,8,25,0.00
2024-06-20,26.8,21.0,16.9,15.3,13.8,12.8,83,64,43,1021,1017,27,11,32,0.00
2024-06-21,26.1,20.4,15.6,14.5,12.5,11.3,79,62,42,1021,1017,28,11,33,0.00
2024-06-22,26.4,20.6,16.6,14.1,12.1,11.1,74,59,41,1021,1017,25,9,30,0.00
2024-06-23,27.1,21.0,15.7,12.7,11.1,9.3,76,55,35,1021,1017,24,8,29,0.00
2024-06-24,28.1,21.7,16.3,14.0,11.6,9.7,75,54,34,1021,1018,19,7,24,0.00
2024-06-25,27.5,21.7,16.3,12.2,11.2,10.2,71,53,36,1022,1018,24,9,30,0.00
2024-06-26,26.9,21.3,16.6,12.6,10.9,9.9,68,53,37,1021,1018,20,7,24,0.00
2024-06-27,27.8,22.6,16.9,13.6,10.6,9.8,64,48,34,1020,1015,21,6,24,0.00
2024-06-28,27.5,22.4,17.9,12.9,11.1,9.8,63,50,37,1020,1016,30,8,35,0.00
2024-06-29,27.3,22.5,15.9,12.8,10.4,9.1,70,47,36,1021,1017,25,6,38,0.00
2024-06-30,28.0,22.4,15.2,12.9,8.3,5.3,76,42,24,1021,1016,19,7,23,0.00
2024-07-01,28.9,21.7,16.9,12.0,8.6,5.9,58,44,29,1021,1018,19,8,21,0.00
2024-07-02,26.8,21.1,16.1,11.8,9.5,5.5,66,49,27,1022,1018,29,12,35,0.00
2024-07-03,26.8,20.1,15.0,15.3,12.5,10.7,82,63,40,1021,1017,27,11,35,0.00
2024-07-04,26.4,20.4,16.7,13.9,11.9,10.5,77,60,39,1021,1016,21,8,25,0.00
2024-07-05,27.1,20.4,15.3,12.6,11.5,10.2,73,58,39,1022,1018,20,9,23,0.00
2024-07-06,28.5,21.2,15.4,13.8,12.3,10.9,79,59,36,1023,1019,24,8,30,0.00
2024-07-07,28.8,22.0,16.4,13.9,10.0,6.4,76,50,26,1022,1018,22,9,25,0.00
2024-07-08,29.2,23.6,18.2,12.3,9.4,6.7,63,41,31,1021,1017,22,6,23,0.00
2024-07-09,28.9,23.2,17.9,12.4,10.6,9.1,60,46,34,1019,1015,24,8,29,0.00
2024-07-10,28.8,23.6,18.6,13.1,11.2,9.7,58,46,34,1019,1016,23,7,29,0.00
2024-07-11,29.2,23.5,17.4,12.5,10.5,9.3,61,45,32,1022,1018,27,9,30,0.00
2024-07-12,27.7,21.8,16.8,14.1,11.4,9.7,69,53,34,1024,1020,29,11,35,0.00
2024-07-13,24.8,19.0,14.6,11.6,9.7,7.1,76,56,37,1024,1020,36,13,43,0.00
2024-07-14,25.8,18.7,12.4,11.6,9.6,7.9,76,57,37,1023,1019,36,10,40,0.00
2024-07-15,26.2,19.7,13.7,11.3,10.1,8.8,75,55,38,1024,1020,23,9,27,0.00
2024-07-16,26.9,20.0,14.5,11.6,10.2,8.9,74,55,34,1024,1021,29,9,36,0.00
2024-07-17,26.5,20.1,15.0,11.8,10.3,9.2,73,55,35,1025,1021,26,9,31,0.00
2024-07-18,26.7,19.9,14.4,11.4,10.4,9.6,74,56,37,1024,1019,23,9,29,0.00
2024-07-19,26.4,20.1,13.9,11.5,10.3,9.4,79,55,35,1025,1021,32,10,42,0.00
2024-07-20,25.9,19.6,13.2,10.9,8.9,6.9,75,52,31,1024,1020,34,11,42,0.00
2024-07-21,25.7,19.0,12.8,12.4,9.9,8.4,79,57,37,1023,1020,36,10,47,0.00
2024-07-22,25.3,19.4,13.9,11.8,10.0,8.6,72,56,39,1024,1020,34,9,40,0.00
2024-07-23,26.9,20.1,14.4,11.7,9.3,7.0,72,51,32,1024,1020,32,10,40,0.00
2024-07-24,26.9,20.0,13.6,10.7,8.9,7.9,70,50,31,1024,1021,31,10,36,0.00
2024-07-25,26.6,19.7,14.2,10.6,8.5,7.1,67,50,31,1024,1020,22,9,26,0.00
2024-07-26,27.7,20.4,13.7,9.9,8.3,6.7,69,48,30,1023,1018,27,10,32,0.00
2024-07-27,27.4,21.1,15.0,15.5,11.5,8.2,69,55,40,1023,1019,28,9,35,0.00
2024-07-28,28.4,21.5,16.2,13.9,12.3,10.8,79,58,35,1024,1020,27,8,32,0.00
2024-07-29,30.5,22.7,16.4,12.5,11.0,9.9,70,49,31,1023,1019,22,8,26,0.00
2024-07-30,29.5,23.3,18.8,13.2,11.6,9.3,65,49,31,1023,1019,22,8,27,0.00
2024-07-31,27.8,23.1,17.8,11.5,10.4,8.7,64,46,32,1023,1019,35,15,40,0.00
2024-08-01,26.8,20.2,15.1,14.1,11.4,7.6,81,59,34,1024,1020,32,15,43,0.00
2024-08-02,25.5,19.8,14.7,14.5,11.9,9.1,84,62,37,1023,1019,31,13,36,0.00
2024-08-03,25.7,19.5,13.9,14.6,11.7,9.6,88,63,37,1023,1019,36,12,45,0.00
2024-08-04,26.6,20.0,15.2,14.6,11.4,9.4,81,60,35,1024,1019,31,11,37,0.00
2024-08-05,26.8,20.2,14.8,13.8,11.3,9.9,76,58,37,1023,1019,40,11,49,0.00
2024-08-06,25.7,19.9,14.9,14.1,11.6,10.4,76,60,43,1022,1018,31,11,37,0.00
2024-08-07,27.5,22.5,15.3,10.4,8.5,2.8,54,42,23,1021,1016,32,10,38,0.00
2024-08-08,29.0,22.6,16.7,10.9,9.0,6.9,57,43,30,1020,1016,22,7,25,0.00
2024-08-09,25.3,21.3,17.4,10.6,9.4,8.3,64,48,34,1019,1017,15,7,19,0.00
2024-08-10,24.3,18.0,13.8,14.1,12.2,8.7,93,70,44,1021,1017,25,11,29,0.00
2024-08-11,29.0,20.3,10.9,27.7,10.1,6.7,95,56,32,1021,1016,27,11,77,0.00
2024-08-12,28.4,19.1,14.4,8.6,3.8,0.1,64,38,22,1022,1018,20,9,25,0.00
2024-08-13,31.7,20.6,12.9,7.8,3.0,-0.5,42,32,20,1022,1018,26,10,29,0.00
2024-08-14,30.2,22.9,15.9,14.2,8.8,1.9,64,41,32,1022,1018,32,12,37,0.00
2024-08-15,31.5,23.8,17.4,16.0,13.7,11.4,79,55,31,1023,1019,26,10,30,0.00
2024-08-16,30.4,23.9,18.2,14.3,12.3,10.4,69,50,31,1023,1018,26,10,31,0.00
2024-08-17,30.2,23.8,17.4,11.8,10.3,8.3,64,44,29,1022,1018,27,11,35,0.00
2024-08-18,30.2,23.3,17.2,10.1,7.2,4.7,54,37,20,1022,1018,30,10,35,0.00
2024-08-23,32.0,25.5,21.4,10.1,9.2,8.3,47,37,25,1018,1016,17,8,21,0.00
2024-08-24,33.2,25.7,19.9,11.7,9.9,8.7,53,38,25,1021,1017,26,8,30,0.00
2024-08-25,30.9,22.8,15.8,14.3,12.3,8.9,82,54,30,1022,1017,33,9,35,0.00
2024-08-26,28.2,19.5,12.9,14.8,13.0,11.8,94,69,41,1022,1017,27,12,33,0.00
2024-08-27,30.9,22.6,15.4,14.8,12.0,10.5,78,54,30,1023,1019,37,12,42,0.00
2024-08-28,29.2,23.1,18.0,15.3,12.4,10.5,69,52,34,1024,1020,32,13,37,0.00
2024-08-29,28.7,21.7,15.4,14.4,12.1,11.0,78,56,38,1025,1020,38,12,51,0.00
2024-08-30,28.9,21.9,14.9,12.6,11.1,9.4,75,52,33,1024,1019,30,12,38,0.00
2024-09-04,31.2,27.4,24.0,6.6,5.6,4.4,31,25,19,1020,1016,14,7,17,0.00
2024-09-05,33.5,27.0,19.0,10.2,7.6,5.5,48,30,21,1021,1017,33,10,38,0.00
2024-09-06,32.4,26.1,21.2,10.4,8.8,7.3,43,34,24,1019,1015,33,12,39,0.00
2024-09-07,30.8,24.2,18.7,10.2,7.4,5.0,49,35,21,1021,1016,40,15,48,0.00
2024-09-08,30.0,23.0,16.5,11.6,7.9,5.4,61,40,24,1022,1018,46,16,57,0.00
2024-09-09,30.5,23.3,17.3,10.7,6.5,4.2,47,35,22,1022,1017,36,14,42,0.00
2024-09-10,30.4,23.5,17.2,11.4,8.6,5.0,52,39,27,1021,1016,29,10,38,0.00
2024-09-11,30.7,23.6,17.8,11.6,10.0,9.1,58,43,29,1021,1016,29,11,32,0.00
2024-09-12,32.1,24.9,19.4,12.1,9.9,8.1,51,40,27,1021,1016,31,11,36,0.00
2024-09-13,32.8,26.5,21.1,12.3,11.0,9.4,51,39,27,1021,1016,35,12,39,0.00
2024-09-14,32.1,25.3,18.9,11.5,10.0,9.1,54,39,27,1020,1016,29,11,35,0.00
2024-09-15,32.4,25.5,19.8,11.2,7.8,3.4,49,34,20,1021,1015,31,10,36,0.00
2024-09-16,33.2,26.6,19.4,12.8,10.0,7.2,50,36,26,1021,1016,30,11,37,0.00
2024-09-17,33.9,26.7,19.5,14.9,12.1,10.8,65,42,27,1020,1014,26,9,30,1.27
2024-09-18,32.5,26.3,21.3,15.1,13.0,10.6,58,44,33,1020,1015,38,13,43,0.00
2024-09-19,32.0,25.2,19.4,15.1,12.8,10.2,69,48,28,1020,1015,34,13,37,0.00
2024-09-20,31.5,24.7,18.9,12.7,11.3,9.8,60,45,29,1019,1014,37,13,45,0.00
2024-09-21,33.9,25.9,19.2,12.0,9.5,4.3,60,38,18,1019,1014,23,10,29,0.00
2024-09-22,34.1,27.0,20.6,12.1,9.9,8.4,52,36,23,1018,1014,25,8,27,0.00
2024-09-23,34.3,27.2,19.8,12.9,10.6,8.2,56,37,21,1018,1014,26,10,29,0.00
2024-09-24,34.5,27.3,22.2,13.1,11.9,10.9,52,39,26,1019,1014,31,10,32,0.00
2024-09-25,33.7,27.2,21.8,12.0,10.3,8.8,49,36,25,1018,1013,33,13,36,0.00
2024-09-26,33.6,26.8,20.6,12.6,10.2,8.9,51,36,26,1019,1014,35,9,39,0.00
2024-09-27,34.8,28.4,22.4,14.1,10.7,7.6,43,34,26,1018,1013,29,8,32,0.00
2024-09-28,34.8,26.7,21.1,17.2,14.3,11.4,76,49,28,1019,1013,35,9,42,0.00
2024-09-29,32.3,24.7,18.5,17.0,14.7,12.8,89,57,32,1020,1015,39,14,56,0.00
2024-09-30,31.8,25.1,20.2,14.9,11.0,7.1,69,44,23,1020,1015,36,17,43,0.00
2024-10-01,33.0,25.6,19.8,11.6,8.9,6.6,45,35,23,1019,1013,35,11,39,0.00
2024-10-02,33.7,27.2,20.4,12.9,9.7,7.7,52,35,22,1018,1012,29,8,36,0.00
2024-10-06,36.0,28.1,22.1,17.9,14.9,12.2,76,47,26,1016,1012,34,11,50,0.20
2024-10-07,33.6,26.3,20.8,18.5,16.8,14.7,78,57,36,1017,1012,31,11,36,0.00
2024-10-08,32.3,26.3,21.9,20.2,17.9,15.6,81,61,40,1018,1014,32,10,40,0.00
2024-10-09,34.2,26.1,21.1,19.1,17.7,15.4,83,61,35,1019,1013,32,9,37,0.03
2024-10-10,22.4,19.2,18.4,19.4,18.3,17.2,97,95,81,1019,1016,32,16,42,0.61
2024-10-11,22.1,21.3,20.4,19.3,18.8,18.2,93,86,79,1018,1015,24,8,30,0.10
2024-10-12,29.8,22.8,19.2,20.1,18.6,16.7,94,78,53,1021,1016,44,11,58,1.27
2024-10-13,31.4,24.2,19.0,20.1,18.0,16.7,94,70,45,1022,1018,27,10,32,0.00
2024-10-14,31.5,24.6,20.3,19.6,18.3,16.9,92,70,45,1022,1016,38,13,43,0.05
2024-10-15,23.7,20.4,18.9,20.1,18.9,18.2,97,92,78,1022,1016,27,10,33,0.69
2024-10-16,28.6,21.9,19.0,19.7,18.6,17.6,95,82,54,1019,1014,38,11,44,0.00
2024-10-17,27.6,20.3,18.1,20.6,18.4,17.3,97,90,61,1019,1015,32,8,38,0.18
2024-10-25,23.8,23.0,22.3,19.8,19.7,19.5,86,82,77,1018,1017,6,4,6,0.00
2024-10-26,22.2,22.2,22.2,19.3,19.3,19.3,84,84,84,1016,1016,8,8,8,0.00
2024-10-27,27.0,25.8,24.6,19.2,18.2,17.2,72,64,55,1018,1017,13,10,17,0.00
2024-10-28,24.2,21.3,19.9,20.7,19.6,19.1,95,90,79,1020,1018,31,18,35,0.00
2024-11-05,23.0,20.5,19.4,19.3,18.6,18.1,94,89,77,1018,1016,17,9,21,0.00
2024-11-06,27.5,21.5,18.8,20.3,18.9,17.8,97,86,60,1019,1013,22,9,26,0.00
2024-11-07,26.9,20.6,18.9,21.4,19.2,18.0,97,92,68,1017,1014,22,7,25,0.00
2024-11-08,24.4,19.8,17.7,20.9,18.3,17.0,97,91,79,1017,1013,39,9,50,0.00
2024-11-09,21.4,19.7,18.8,20.1,18.6,17.4,97,94,87,1018,1014,34,10,39,0.00
2024-11-10,29.9,23.3,17.1,20.8,18.6,15.8,94,76,53,1017,1012,36,6,45,0.03
2024-11-11,28.4,21.1,17.9,22.2,19.3,17.4,98,90,65,1017,1012,33,9,40,0.94
2024-11-12,30.1,21.5,18.6,21.9,19.5,18.2,99,89,57,1017,1011,26,8,31,0.05
2024-11-13,29.7,21.6,18.5,21.5,19.5,18.2,98,89,55,1016,1012,30,9,35,0.05
2024-11-14,25.9,20.4,18.2,21.7,19.3,18.1,99,93,75,1016,1012,25,9,29,0.05
2024-11-15,21.2,19.3,18.3,19.7,18.5,17.6,98,95,89,1019,1014,22,9,30,0.03
2024-11-16,29.5,21.3,18.0,20.3,18.5,17.2,98,85,53,1019,1015,22,9,26,0.00
2024-11-17,24.0,20.0,18.8,20.7,18.9,17.8,98,94,78,1020,1016,19,7,24,0.38
2024-11-18,28.9,22.7,18.8,21.0,19.1,18.0,98,82,53,1018,1013,20,8,24,0.15
2024-11-19,30.6,23.4,16.8,20.8,18.7,16.3,98,77,47,1018,1013,34,8,40,7.06
2024-11-20,29.4,23.2,18.4,21.6,19.6,18.1,98,82,56,1019,1014,26,10,30,2.82
2024-11-21,31.1,22.8,18.1,22.3,19.7,17.0,98,84,51,1019,1013,31,9,36,4.37
2024-11-22,28.9,23.7,17.8,21.9,19.9,17.2,98,80,60,1018,1013,32,9,38,0.53
2024-11-23,25.6,21.0,20.0,21.1,20.0,19.4,98,94,76,1018,1014,32,5,36,0.38
2024-11-24,27.6,20.9,18.2,21.9,19.3,18.0,99,91,65,1019,1015,20,6,24,5.87
2024-11-25,28.1,22.0,18.7,20.7,18.6,17.6,96,82,61,1020,1016,24,11,30,0.00
2024-11-26,30.2,22.5,18.9,21.3,19.3,17.7,96,83,52,1021,1015,28,9,36,0.00
2024-11-27,29.9,22.1,19.2,21.6,19.8,18.9,98,88,58,1019,1014,25,8,27,0.05
2024-11-28,30.2,22.8,19.2,21.9,19.8,18.7,98,85,55,1019,1013,31,9,37,0.64
2024-11-29,30.0,22.8,19.2,22.2,19.8,18.7,97,84,54,1020,1014,28,8,32,1.32
2024-11-30,28.7,23.3,18.8,21.1,19.5,18.3,98,81,58,1018,1013,31,8,36,0.05
2024-12-01,29.8,23.1,20.0,22.3,20.2,18.5,96,85,54,1018,1014,27,6,32,0.86
2024-12-02,27.6,21.6,19.2,21.7,19.5,18.8,98,89,65,1017,1014,25,7,33,0.43
2024-12-03,28.7,23.3,19.7,22.0,19.8,18.4,94,82,59,1019,1013,24,8,27,0.00
2024-12-04,29.4,23.5,19.4,21.0,19.5,18.2,96,80,54,1018,1013,23,7,27,0.00
2024-12-07,31.4,26.8,21.1,18.8,17.4,16.1,83,57,42,1018,1015,26,9,32,0.03
2024-12-08,32.7,24.5,18.8,20.9,18.2,16.0,96,71,41,1019,1015,31,7,39,0.15
2024-12-09,31.2,23.3,19.0,21.8,18.9,17.3,96,78,50,1019,1014,43,6,49,2.06
2024-12-10,29.6,23.3,19.9,22.8,19.8,18.1,94,82,55,1018,1012,23,8,26,0.03
2024-12-11,29.6,22.9,19.3,21.4,19.9,18.6,98,84,58,1017,1013,26,7,30,0.00
2024-12-12,28.1,21.8,18.6,22.2,19.7,17.6,97,88,58,1018,1014,32,8,36,0.31
2024-12-13,31.7,23.3,18.4,19.8,17.6,14.1,98,74,40,1018,1012,21,7,26,0.43
2024-12-14,28.2,22.6,19.5,21.4,19.1,17.9,96,81,61,1017,1012,31,10,38,0.00
2024-12-15,27.6,21.3,18.0,21.4,19.2,17.5,98,89,65,1019,1013,32,7,37,6.96
2024-12-16,28.1,22.5,17.9,20.6,18.9,17.3,98,81,59,1020,1015,26,7,29,0.00
2024-12-17,30.9,21.7,18.1,21.7,18.7,16.7,97,85,50,1020,1017,38,7,44,1.55
2024-12-18,29.9,22.5,18.1,20.2,18.6,16.7,98,80,51,1020,1016,14,5,17,0.00
2024-12-19,30.3,22.4,19.2,22.1,19.4,17.8,97,84,56,1019,1015,34,7,43,0.18
2024-12-20,30.5,23.5,18.4,21.3,18.9,16.7,98,77,50,1018,1013,28,10,37,0.03
2024-12-21,28.4,21.8,18.9,21.6,19.5,18.2,97,88,63,1020,1014,31,9,33,0.81
2024-12-22,26.8,21.1,18.4,22.4,19.8,18.1,98,92,69,1020,1016,26,8,30,0.71
2024-12-23,29.2,22.3,18.9,21.3,19.5,18.1,97,85,58,1019,1014,28,6,32,0.00
2024-12-24,28.1,21.7,19.2,21.7,19.6,18.4,98,89,65,1018,1014,39,9,44,0.43
2024-12-25,27.6,21.6,18.7,21.6,19.6,18.1,98,89,66,1017,1012,32,8,37,3.63
2024-12-26,25.8,20.8,18.5,21.6,19.1,18.2,98,90,73,1018,1014,31,14,38,1.19
2024-12-27,25.3,20.8,17.3,20.9,18.8,16.8,98,89,71,1020,1016,31,10,35,0.89
2024-12-28,29.6,22.8,18.3,20.8,18.8,16.9,97,80,49,1019,1014,30,7,37,0.79
2024-12-29,27.7,21.7,17.8,20.5,18.4,17.0,98,83,54,1018,1013,26,8,27,0.28
2024-12-30,27.9,20.7,17.7,21.4,18.4,16.5,97,88,54,1018,1014,39,8,50,0.53
2024-12-31,29.4,21.7,17.4,21.2,18.8,17.1,98,84,57,1019,1014,25,8,29,0.05
2025-01-01,28.1,21.1,19.2,21.7,19.7,17.2,98,92,65,1019,1014,28,6,38,1.19
2025-01-02,27.7,22.6,19.2,21.1,19.2,17.3,95,82,61,1019,1014,30,10,37,0.03
2025-01-03,28.0,22.6,18.5,21.2,18.9,17.2,97,81,57,1019,1014,31,10,33,0.00
2025-01-04,29.4,22.8,19.8,21.8,19.6,18.3,95,83,55,1018,1013,29,7,36,0.00
2025-01-05,29.1,23.0,19.4,22.2,19.8,18.2,97,84,54,1018,1013,32,10,37,2.18
2025-01-06,25.2,21.4,19.4,21.6,19.9,18.7,98,91,78,1019,1014,31,9,37,1.17
2025-01-07,28.4,22.7,19.8,22.0,20.1,19.4,98,87,64,1018,1012,32,11,39,0.00
2025-01-08,26.1,21.2,18.5,21.6,19.5,18.2,98,91,71,1017,1012,40,12,49,2.64
2025-01-09,22.9,19.8,18.7,20.7,19.0,18.4,99,95,83,1016,1012,34,13,44,0.89
2025-01-10,26.2,21.0,18.5,22.2,19.8,18.2,99,93,73,1016,1012,27,11,33,0.20
2025-01-11,29.1,23.0,19.3,21.8,20.1,17.7,99,85,56,1017,1012,24,10,30,0.00
2025-01-12,28.7,22.4,19.6,22.2,20.4,19.2,99,90,65,1017,1011,25,9,27,0.00
2025-01-13,28.0,21.0,19.2,22.2,19.9,18.8,99,94,67,1015,1011,23,9,25,1.22
2025-01-14,24.1,19.9,18.7,21.4,19.4,18.6,99,97,82,1015,1011,34,12,38,0.89
2025-01-15,23.1,20.0,18.5,21.1,19.3,18.3,99,96,84,1016,1012,34,13,42,0.38
2025-01-16,22.5,20.4,19.4,21.1,19.7,18.9,98,96,88,1018,1013,38,15,45,1.19
2025-01-17,26.9,21.6,18.9,22.5,19.7,18.5,98,90,66,1020,1016,27,12,33,0.33
2025-01-18,30.2,23.1,18.9,20.3,18.6,15.8,98,79,44,1020,1016,22,8,29,0.00
2025-01-19,27.6,20.8,16.9,20.1,18.4,16.6,99,87,58,1020,1015,31,9,42,0.18
